# r/Angstrom          g(r)         N(r)
0.005000         0.000000     0.000000
0.015000         0.000000     0.000000
0.025000         0.000000     0.000000
0.035000         0.000000     0.000000
0.045000         0.000000     0.000000
0.055000         0.000000     0.000000
0.065000         0.000000     0.000000
0.075000         0.000000     0.000000
0.085000         0.000000     0.000000
0.095000         0.000000     0.000000
0.105000         0.000000     0.000000
0.115000         0.000000     0.000000
0.125000         0.000000     0.000000
0.135000         0.000000     0.000000
0.145000         0.000000     0.000000
0.155000         0.000000     0.000000
0.165000         0.000000     0.000000
0.175000         0.000000     0.000000
0.185000         0.000000     0.000000
0.195000         0.000000     0.000000
0.205000         0.000000     0.000000
0.215000         0.000000     0.000000
0.225000         0.000000     0.000000
0.235000         0.000000     0.000000
0.245000         0.000000     0.000000
0.255000         0.000000     0.000000
0.265000         0.000000     0.000000
0.275000         0.000000     0.000000
0.285000         0.000000     0.000000
0.295000         0.000000     0.000000
0.305000         0.000000     0.000000
0.315000         0.000000     0.000000
0.325000         0.000000     0.000000
0.335000         0.000000     0.000000
0.345000         0.000000     0.000000
0.355000         0.000000     0.000000
0.365000         0.000000     0.000000
0.375000         0.000000     0.000000
0.385000         0.000000     0.000000
0.395000         0.000000     0.000000
0.405000         0.000000     0.000000
0.415000         0.000000     0.000000
0.425000         0.000000     0.000000
0.435000         0.000000     0.000000
0.445000         0.000000     0.000000
0.455000         0.000000     0.000000
0.465000         0.000000     0.000000
0.475000         0.000000     0.000000
0.485000         0.000000     0.000000
0.495000         0.000000     0.000000
0.505000         0.000000     0.000000
0.515000         0.000000     0.000000
0.525000         0.000000     0.000000
0.535000         0.000000     0.000000
0.545000         0.000000     0.000000
0.555000         0.000000     0.000000
0.565000         0.000000     0.000000
0.575000         0.000000     0.000000
0.585000         0.000000     0.000000
0.595000         0.000000     0.000000
0.605000         0.000000     0.000000
0.615000         0.000000     0.000000
0.625000         0.000000     0.000000
0.635000         0.000000     0.000000
0.645000         0.000000     0.000000
0.655000         0.000000     0.000000
0.665000         0.000000     0.000000
0.675000         0.000000     0.000000
0.685000         0.000000     0.000000
0.695000         0.000000     0.000000
0.705000         0.000000     0.000000
0.715000         0.000000     0.000000
0.725000         0.000000     0.000000
0.735000         0.000000     0.000000
0.745000         0.000000     0.000000
0.755000         0.000000     0.000000
0.765000         0.000000     0.000000
0.775000         0.000000     0.000000
0.785000         0.000000     0.000000
0.795000         0.000000     0.000000
0.805000         0.000000     0.000000
0.815000         0.000000     0.000000
0.825000         0.000000     0.000000
0.835000         0.000000     0.000000
0.845000         0.000000     0.000000
0.855000         0.000000     0.000000
0.865000         0.000000     0.000000
0.875000         0.000000     0.000000
0.885000         0.000000     0.000000
0.895000         0.000000     0.000000
0.905000         0.000000     0.000000
0.915000         0.000000     0.000000
0.925000         0.000000     0.000000
0.935000         0.000000     0.000000
0.945000         0.000000     0.000000
0.955000         0.000000     0.000000
0.965000         0.000000     0.000000
0.975000         0.000000     0.000000
0.985000         0.000000     0.000000
0.995000         0.000000     0.000000
1.005000         0.000000     0.000000
1.015000         0.000000     0.000000
1.025000         0.000000     0.000000
1.035000         0.000000     0.000000
1.045000         0.000000     0.000000
1.055000         0.000000     0.000000
1.065000         0.000000     0.000000
1.075000         0.000000     0.000000
1.085000         0.000000     0.000000
1.095000         0.000000     0.000000
1.105000         0.000000     0.000000
1.115000         0.000000     0.000000
1.125000         0.000000     0.000000
1.135000         0.000000     0.000000
1.145000         0.000000     0.000000
1.155000         0.000000     0.000000
1.165000         0.000000     0.000000
1.175000         0.000000     0.000000
1.185000         0.000000     0.000000
1.195000         0.000000     0.000000
1.205000         0.000000     0.000000
1.215000         0.000000     0.000000
1.225000         0.000000     0.000000
1.235000         0.000000     0.000000
1.245000         0.000000     0.000000
1.255000         0.000000     0.000000
1.265000         0.000000     0.000000
1.275000         0.000000     0.000000
1.285000         0.000000     0.000000
1.295000         0.000000     0.000000
1.305000         0.000000     0.000000
1.315000         0.000000     0.000000
1.325000         0.000000     0.000000
1.335000         0.000000     0.000000
1.345000         0.000000     0.000000
1.355000         0.000000     0.000000
1.365000         0.000000     0.000000
1.375000         0.000000     0.000000
1.385000         0.000000     0.000000
1.395000         0.000000     0.000000
1.405000         0.000000     0.000000
1.415000         0.000000     0.000000
1.425000         0.000000     0.000000
1.435000         0.000000     0.000000
1.445000         0.000000     0.000000
1.455000         0.000000     0.000000
1.465000         0.000000     0.000000
1.475000         0.000000     0.000000
1.485000         0.000000     0.000000
1.495000         0.000000     0.000000
1.505000         0.000000     0.000000
1.515000         0.000000     0.000000
1.525000         0.000000     0.000000
1.535000         0.000000     0.000000
1.545000         0.000000     0.000000
1.555000         0.000000     0.000000
1.565000         0.000000     0.000000
1.575000         0.000000     0.000000
1.585000         0.000000     0.000000
1.595000         0.000000     0.000000
1.605000         0.000000     0.000000
1.615000         0.000000     0.000000
1.625000         0.000000     0.000000
1.635000         0.000000     0.000000
1.645000         0.000000     0.000000
1.655000         0.000000     0.000000
1.665000         0.000000     0.000000
1.675000         0.000000     0.000000
1.685000         0.000000     0.000000
1.695000         0.000000     0.000000
1.705000         0.000000     0.000000
1.715000         0.000000     0.000000
1.725000         0.000000     0.000000
1.735000         0.000000     0.000000
1.745000         0.000000     0.000000
1.755000         0.000000     0.000000
1.765000         0.000000     0.000000
1.775000         0.000000     0.000000
1.785000         0.000000     0.000000
1.795000         0.000000     0.000000
1.805000         0.000000     0.000000
1.815000         0.000000     0.000000
1.825000         0.000000     0.000000
1.835000         0.000000     0.000000
1.845000         0.000000     0.000000
1.855000         0.000000     0.000000
1.865000         0.000000     0.000000
1.875000         0.000000     0.000000
1.885000         0.000000     0.000000
1.895000         0.000000     0.000000
1.905000         0.000000     0.000000
1.915000         0.000000     0.000000
1.925000         0.000000     0.000000
1.935000         0.000000     0.000000
1.945000         0.000000     0.000000
1.955000         0.000000     0.000000
1.965000         0.000000     0.000000
1.975000         0.000000     0.000000
1.985000         0.000000     0.000000
1.995000         0.000000     0.000000
2.005000         0.000000     0.000000
2.015000         0.000000     0.000000
2.025000         0.000000     0.000000
2.035000         0.000000     0.000000
2.045000         0.000000     0.000000
2.055000         0.000000     0.000000
2.065000         0.000000     0.000000
2.075000         0.000000     0.000000
2.085000         0.000000     0.000000
2.095000         0.000000     0.000000
2.105000         0.000000     0.000000
2.115000         0.000000     0.000000
2.125000         0.000000     0.000000
2.135000         0.000000     0.000000
2.145000         0.000000     0.000000
2.155000         0.000000     0.000000
2.165000         0.028634     0.000558
2.175000         0.125232     0.003020
2.185000         0.124324     0.005487
2.195000         0.140612     0.008302
2.205000         0.340642     0.015185
2.215000         0.520417     0.025796
2.225000         0.762629     0.041486
2.235000         0.905387     0.060282
2.245000         1.132343     0.083999
2.255000         1.557593     0.116916
2.265000         1.804419     0.155387
2.275000         2.926882     0.218341
2.285000         3.038739     0.284278
2.295000         3.607902     0.363251
2.305000         3.868235     0.448663
2.315000         4.194749     0.542089
2.325000         5.347228     0.662214
2.335000         5.762791     0.792792
2.345000         6.310229     0.937000
2.355000         6.801172     1.093757
2.365000         6.272256     1.239553
2.375000         7.094673     1.405864
2.385000         7.344399     1.579482
2.395000         8.151954     1.773809
2.405000         7.651326     1.957728
2.415000         6.630830     2.118445
2.425000         6.368068     2.274075
2.435000         7.122530     2.449581
2.445000         7.008195     2.623692
2.455000         6.951461     2.797808
2.465000         6.541486     2.962993
2.475000         5.992237     3.115539
2.485000         5.191621     3.248773
2.495000         5.591800     3.393435
2.505000         5.648559     3.540738
2.515000         4.712200     3.664607
2.525000         4.600549     3.786504
2.535000         4.429813     3.904808
2.545000         4.082768     4.014707
2.555000         3.524420     4.110323
2.565000         3.558766     4.207627
2.575000         3.693831     4.309414
2.585000         3.476814     4.405967
2.595000         2.952845     4.488604
2.605000         2.571865     4.561135
2.615000         2.380763     4.628793
2.625000         2.143554     4.690177
2.635000         1.974390     4.747148
2.645000         1.777977     4.798842
2.655000         1.819949     4.852157
2.665000         1.736517     4.903412
2.675000         1.570307     4.950109
2.685000         1.566787     4.997051
2.695000         1.176426     5.032560
2.705000         1.027645     5.063809
2.715000         1.091849     5.097257
2.725000         0.915771     5.125517
2.735000         0.950441     5.155063
2.745000         1.009677     5.186681
2.755000         0.804520     5.212058
2.765000         0.642524     5.232472
2.775000         0.751128     5.256510
2.785000         0.652022     5.277528
2.795000         0.792622     5.303261
2.805000         0.496217     5.319486
2.815000         0.588344     5.338861
2.825000         0.520984     5.356140
2.835000         0.368849     5.368461
2.845000         0.526874     5.386183
2.855000         0.404446     5.399884
2.865000         0.391574     5.413241
2.875000         0.442033     5.428425
2.885000         0.231363     5.436428
2.895000         0.329911     5.447919
2.905000         0.260668     5.457061
2.915000         0.247474     5.465800
2.925000         0.313236     5.476938
2.935000         0.273884     5.486743
2.945000         0.175744     5.493077
2.955000         0.292733     5.503700
2.965000         0.386298     5.517813
2.975000         0.219172     5.525875
2.985000         0.333681     5.538231
2.995000         0.148732     5.543776
3.005000         0.120326     5.548291
3.015000         0.209315     5.556199
3.025000         0.281079     5.566888
3.035000         0.165998     5.573242
3.045000         0.173014     5.579909
3.055000         0.203436     5.587799
3.065000         0.146895     5.593534
3.075000         0.191730     5.601069
3.085000         0.210420     5.609391
3.095000         0.284010     5.620697
3.105000         0.202286     5.628802
3.115000         0.227278     5.637967
3.125000         0.132358     5.643339
3.135000         0.086686     5.646880
3.145000         0.186467     5.654545
3.155000         0.205997     5.663066
3.165000         0.188026     5.670894
3.175000         0.150488     5.677198
3.185000         0.138392     5.683032
3.195000         0.151993     5.689480
3.205000         0.136058     5.695289
3.215000         0.139318     5.701273
3.225000         0.107737     5.705930
3.235000         0.146217     5.712289
3.245000         0.158920     5.719244
3.255000         0.191138     5.727660
3.265000         0.161938     5.734834
3.275000         0.133752     5.740796
3.285000         0.095244     5.745067
3.295000         0.146236     5.751665
3.305000         0.137289     5.757898
3.315000         0.142752     5.764417
3.325000         0.152283     5.771414
3.335000         0.162584     5.778929
3.345000         0.165244     5.786613
3.355000         0.236645     5.797683
3.365000         0.184940     5.806385
3.375000         0.188301     5.815299
3.385000         0.266641     5.827996
3.395000         0.221015     5.838583
3.405000         0.216920     5.849035
3.415000         0.135455     5.855600
3.425000         0.170944     5.863934
3.435000         0.304280     5.878854
3.445000         0.163064     5.886897
3.455000         0.198954     5.896767
3.465000         0.297986     5.911635
3.475000         0.186021     5.920970
3.485000         0.176657     5.929887
3.495000         0.230780     5.941602
3.505000         0.179883     5.950786
3.515000         0.241017     5.963161
3.525000         0.195829     5.973274
3.535000         0.210898     5.984226
3.545000         0.373192     6.003717
3.555000         0.312109     6.020109
3.565000         0.344670     6.038314
3.575000         0.354934     6.057166
3.585000         0.321685     6.074348
3.595000         0.310694     6.091035
3.605000         0.385789     6.111872
3.615000         0.448568     6.136233
3.625000         0.345828     6.155119
3.635000         0.286476     6.170850
3.645000         0.317117     6.188360
3.655000         0.318502     6.206042
3.665000         0.384334     6.227497
3.675000         0.466511     6.253681
3.685000         0.349373     6.273397
3.695000         0.359447     6.293792
3.705000         0.439287     6.318852
3.715000         0.434574     6.343778
3.725000         0.391310     6.366343
3.735000         0.421018     6.390751
3.745000         0.461172     6.417631
3.755000         0.495833     6.446686
3.765000         0.596721     6.481839
3.775000         0.360964     6.503216
3.785000         0.557506     6.536409
3.795000         0.556604     6.569723
3.805000         0.562714     6.603581
3.815000         0.679202     6.644662
3.825000         0.655162     6.684498
3.835000         0.631645     6.723105
3.845000         0.609443     6.760549
3.855000         0.711651     6.804501
3.865000         0.937926     6.862728
3.875000         0.693610     6.906012
3.885000         0.735204     6.952127
3.895000         0.743286     6.998991
3.905000         0.687198     7.042540
3.915000         0.576295     7.079249
3.925000         0.690070     7.123430
3.935000         0.744739     7.171354
3.945000         0.678572     7.215242
3.955000         0.785791     7.266323
3.965000         0.837397     7.321035
3.975000         0.782011     7.372386
3.985000         0.838929     7.427751
3.995000         0.950230     7.490778
4.005000         0.921951     7.552235
4.015000         1.110656     7.626642
4.025000         0.932643     7.689434
4.035000         0.849688     7.746926
4.045000         0.942891     7.811041
4.055000         1.104931     7.886546
4.065000         1.123021     7.963666
4.075000         1.006869     8.033151
4.085000         1.155129     8.113259
4.095000         1.044558     8.186054
4.105000         1.223311     8.271723
4.115000         1.070238     8.347037
4.125000         1.066197     8.422433
4.135000         1.009306     8.494152
4.145000         0.958222     8.562571
4.155000         1.229331     8.650771
4.165000         1.299893     8.744484
4.175000         1.197459     8.831227
4.185000         1.233208     8.920988
4.195000         1.213777     9.009757
4.205000         1.222344     9.099580
4.215000         1.222180     9.189818
4.225000         1.217603     9.280145
4.235000         1.047713     9.358238
4.245000         1.216829     9.449364
4.255000         1.199756     9.539636
4.265000         1.264317     9.635213
4.275000         1.089309     9.717947
4.285000         1.305067     9.817532
4.295000         1.346966     9.920795
4.305000         1.439282    10.031649
4.315000         1.360934    10.136957
4.325000         1.345431    10.241547
4.335000         1.270769    10.340792
4.345000         1.159692    10.431779
4.355000         1.214955    10.527542
4.365000         1.404782    10.638776
4.375000         1.513911    10.759201
4.385000         1.498275    10.878928
4.395000         1.486692    10.998271
4.405000         1.299933    11.103098
4.415000         1.576584    11.230812
4.425000         1.263855    11.333657
4.435000         1.272132    11.437644
4.445000         1.285463    11.543196
4.455000         1.548069    11.670882
4.465000         1.310746    11.779480
4.475000         1.452666    11.900376
4.485000         1.544957    12.029528
4.495000         1.416772    12.148494
4.505000         1.425795    12.268750
4.515000         1.504485    12.396207
4.525000         1.507134    12.524454
4.535000         1.295189    12.635154
4.545000         1.432095    12.758096
4.555000         1.579920    12.894326
4.565000         1.477554    13.022289
4.575000         1.489305    13.151836
4.585000         1.497283    13.282646
4.595000         1.613078    13.424189
4.605000         1.455952    13.552500
4.615000         1.517662    13.686832
4.625000         1.290910    13.801589
4.635000         1.297546    13.917435
4.645000         1.586524    14.059694
4.655000         1.267741    14.173858
4.665000         1.301158    14.291536
4.675000         1.415497    14.420104
4.685000         1.398168    14.547641
4.695000         1.198593    14.657442
4.705000         1.145586    14.762833
4.715000         1.360805    14.888558
4.725000         1.331408    15.012088
4.735000         1.367159    15.139474
4.745000         1.348538    15.265655
4.755000         1.179631    15.376498
4.765000         1.304289    15.499570
4.775000         1.315254    15.624199
4.785000         1.429059    15.760178
4.795000         1.456431    15.899342
4.805000         1.238788    16.018205
4.815000         1.229175    16.136636
4.825000         1.407046    16.272769
4.835000         1.298842    16.398954
4.845000         1.364792    16.532096
4.855000         1.471858    16.676276
4.865000         1.270561    16.801250
4.875000         1.310544    16.930688
4.885000         1.298384    17.059451
4.895000         1.170352    17.175993
4.905000         1.135653    17.289542
4.915000         1.064323    17.396394
4.925000         1.005014    17.497702
4.935000         1.071745    17.606176
4.945000         1.231654    17.731341
4.955000         1.326957    17.866736
4.965000         1.260604    17.995881
4.975000         1.194874    18.118786
4.985000         1.037331    18.225915
4.995000         0.997712    18.329367
5.005000         1.005810    18.434076
5.015000         1.126097    18.551776
5.025000         1.067268    18.663773
5.035000         1.108121    18.780520
5.045000         1.206327    18.908119
5.055000         1.054193    19.020069
5.065000         1.069167    19.134058
5.075000         1.030483    19.244357
5.085000         0.989369    19.350674
5.095000         1.056343    19.464634
5.105000         0.912547    19.563468
5.115000         0.945770    19.666302
5.125000         0.985550    19.773881
5.135000         0.897234    19.872202
5.145000         0.960217    19.977835
5.155000         1.119397    20.101459
5.165000         1.094457    20.222798
5.175000         0.934216    20.326773
5.185000         1.007046    20.439287
5.195000         0.943937    20.545157
5.205000         0.877720    20.643980
5.215000         0.829060    20.737683
5.225000         1.014201    20.852752
5.235000         0.962631    20.962388
5.245000         0.871245    21.061995
5.255000         0.946791    21.170653
5.265000         0.856824    21.269360
5.275000         0.760073    21.357254
5.285000         0.865586    21.457729
5.295000         0.890737    21.561516
5.305000         0.938733    21.671309
5.315000         0.934893    21.781065
5.325000         0.857234    21.882083
5.335000         0.855485    21.983274
5.345000         0.907179    22.090982
5.355000         0.787290    22.184806
5.365000         0.861828    22.287897
5.375000         0.938611    22.400591
5.385000         0.824779    22.499987
5.395000         0.904573    22.609405
5.405000         0.812930    22.708102
5.415000         0.847539    22.811382
5.425000         0.786673    22.907599
5.435000         0.834370    23.010027
5.445000         0.938022    23.125603
5.455000         0.911564    23.238333
5.465000         0.790345    23.336430
5.475000         0.819195    23.438481
5.485000         0.860555    23.546076
5.495000         0.821414    23.649152
5.505000         0.804709    23.750499
5.515000         0.791941    23.850602
5.525000         0.840441    23.957220
5.535000         0.892377    24.070837
5.545000         0.893157    24.184965
5.555000         0.942394    24.305819
5.565000         0.933153    24.425919
5.575000         0.789711    24.527923
5.585000         0.833474    24.635967
5.595000         0.812219    24.741632
5.605000         0.874981    24.855870
5.615000         0.896577    24.973346
5.625000         1.009810    25.106129
5.635000         0.879082    25.222134
5.645000         0.867161    25.336973
5.655000         0.845128    25.449291
5.665000         0.899909    25.569312
5.675000         0.890637    25.688516
5.685000         0.922415    25.812410
5.695000         0.789900    25.918878
5.705000         0.932334    26.044986
5.715000         0.888508    26.165588
5.725000         0.807128    26.275527
5.735000         0.758326    26.379180
5.745000         0.766295    26.484288
5.755000         0.740943    26.586273
5.765000         0.882860    26.708214
5.775000         0.904308    26.833552
5.785000         0.973172    26.968901
5.795000         0.943514    27.100580
5.805000         0.815204    27.214744
5.815000         0.833299    27.331845
5.825000         0.901121    27.458913
5.835000         0.899380    27.586171
5.845000         0.930659    27.718306
5.855000         0.913597    27.848464
5.865000         0.889439    27.975613
5.875000         0.906718    28.105674
5.885000         1.011259    28.251225
5.895000         0.969359    28.391220
5.905000         0.916917    28.524091
5.915000         0.889307    28.653398
5.925000         1.042640    28.805512
5.935000         0.968609    28.947304
5.945000         0.894926    29.078751
5.955000         0.937125    29.216859
5.965000         0.924754    29.353603
5.975000         0.944643    29.493757
5.985000         0.964780    29.637377
5.995000         0.871127    29.767490
6.005000         0.881300    29.899562
6.015000         0.921835    30.038168
6.025000         0.952971    30.181934
6.035000         0.950699    30.325833
6.045000         0.879915    30.459459
6.055000         0.964522    30.606420
6.065000         0.897936    30.743687
6.075000         0.972074    30.892778
6.085000         0.955544    31.039817
6.095000         1.004597    31.194913
6.105000         0.926505    31.338422
6.115000         0.919459    31.481306
6.125000         0.962303    31.631338
6.135000         0.929846    31.776784
6.145000         0.929141    31.922593
6.155000         0.946507    32.071612
6.165000         0.980496    32.226484
6.175000         1.024859    32.388888
6.185000         0.961972    32.541821
6.195000         0.945111    32.692560
6.205000         1.026741    32.856848
6.215000         1.027433    33.021776
6.225000         1.020859    33.186177
6.235000         0.986420    33.345543
6.245000         0.819782    33.478412
6.255000         0.952325    33.633258
6.265000         0.989277    33.794627
6.275000         0.941964    33.948769
6.285000         0.966094    34.107364
6.295000         0.908806    34.257030
6.305000         0.985065    34.419771
6.315000         0.914849    34.571390
6.325000         0.849603    34.712643
6.335000         1.063381    34.889998
6.345000         1.102643    35.074482
6.355000         1.051874    35.251026
6.365000         1.008082    35.420754
6.375000         1.126204    35.610966
6.385000         0.958444    35.773352
6.395000         0.970767    35.938341
6.405000         0.950794    36.100442
6.415000         1.083400    36.285728
6.425000         0.994714    36.456377
6.435000         0.985750    36.626015
6.445000         0.978885    36.794996
6.455000         1.027295    36.972885
6.465000         1.011443    37.148571
6.475000         1.040576    37.329878
6.485000         0.994511    37.503694
6.495000         1.016434    37.681889
6.505000         1.146962    37.883588
6.515000         1.021948    38.063856
6.525000         0.999466    38.240700
6.535000         1.024081    38.422454
6.545000         1.019317    38.603918
6.555000         1.120238    38.803957
6.565000         1.039277    38.990106
6.575000         0.960898    39.162741
6.585000         1.003161    39.343518
6.595000         1.045000    39.532407
6.605000         1.048166    39.722443
6.615000         1.047633    39.912957
6.625000         1.080166    40.109983
6.635000         1.004127    40.293692
6.645000         1.046661    40.485760
6.655000         0.970374    40.664366
6.665000         1.080637    40.863865
6.675000         0.985352    41.046319
6.685000         1.008908    41.233695
6.695000         0.983700    41.416937
6.705000         1.052808    41.613638
6.715000         1.110196    41.821680
6.725000         1.069501    42.022694
6.735000         0.983660    42.208124
6.745000         1.080494    42.412414
6.755000         1.074368    42.616148
6.765000         1.060728    42.817891
6.775000         0.990304    43.006798
6.785000         1.004594    43.198997
6.795000         1.069964    43.404306
6.805000         0.958271    43.588724
6.815000         1.057617    43.792861
6.825000         1.053974    43.996891
6.835000         0.961518    44.183570
6.845000         1.024616    44.383081
6.855000         1.061942    44.590466
6.865000         0.972214    44.780881
6.875000         0.910305    44.959692
6.885000         1.010434    45.158748
6.895000         1.135500    45.383093
6.905000         1.047225    45.590597
6.915000         0.984018    45.786142
6.925000         1.016705    45.988768
6.935000         0.977117    46.184067
6.945000         0.988804    46.382272
6.955000         1.152427    46.613941
6.965000         1.077538    46.831179
6.975000         0.954914    47.024248
6.985000         1.019744    47.231016
6.995000         0.988018    47.431926
7.005000         1.028335    47.641632
7.015000         1.010570    47.848304
7.025000         0.953533    48.043868
7.035000         0.994639    48.248443
7.045000         0.926059    48.439455
7.055000         0.986131    48.643436
7.065000         1.060502    48.863422
7.075000         1.025136    49.076675
7.085000         0.984604    49.282075
7.095000         1.015193    49.494455
7.105000         1.095988    49.724384
7.115000         1.029942    49.941066
7.125000         1.045631    50.161667
7.135000         1.021180    50.377715
7.145000         0.976407    50.584870
7.155000         1.005182    50.798728
7.165000         0.974200    51.006573
7.175000         0.997240    51.219928
7.185000         1.040844    51.443234
7.195000         0.939854    51.645434
7.205000         1.018727    51.865213
7.215000         0.997795    52.081074
7.225000         0.974859    52.292558
7.235000         0.946174    52.498388
7.245000         0.938572    52.703129
7.255000         1.028839    52.928180
7.265000         1.067925    53.162426
7.275000         1.002901    53.383015
7.285000         0.952383    53.593069
7.295000         0.971345    53.807894
7.305000         0.856128    53.997757
7.315000         0.979381    54.215548
7.325000         1.032839    54.445855
7.335000         1.015812    54.672985
7.345000         1.100648    54.919755
7.355000         0.986438    55.141521
7.365000         0.982417    55.362984
7.375000         0.851777    55.555519
7.385000         0.985484    55.778882
7.395000         0.957961    55.996594
7.405000         0.955323    56.214295
7.415000         0.962267    56.434171
7.425000         0.940250    56.649596
7.435000         0.943723    56.866400
7.445000         1.066374    57.112040
7.455000         1.016844    57.346900
7.465000         0.979025    57.573633
7.475000         0.980327    57.801275
7.485000         0.973042    58.027831
7.495000         1.038150    58.270193
7.505000         0.988677    58.501621
7.515000         0.947591    58.724023
7.525000         0.938287    58.944828
7.535000         0.991295    59.178727
7.545000         0.957891    59.405346
7.555000         0.976044    59.636871
7.565000         0.945999    59.861864
7.575000         0.881099    60.071975
7.585000         0.905774    60.288542
7.595000         0.952624    60.516910
7.605000         0.956444    60.746799
7.615000         0.978403    60.982585
7.625000         0.951107    61.212395
7.635000         1.048133    61.466314
7.645000         0.910371    61.687437
7.655000         0.918148    61.911032
7.665000         1.032654    62.163171
7.675000         1.006809    62.409641
7.685000         0.945870    62.641796
7.695000         0.950597    62.875720
7.705000         0.986939    63.119218
7.715000         1.022084    63.372042
7.725000         1.026288    63.626564
7.735000         0.942992    63.861035
7.745000         0.967534    64.102231
7.755000         1.035960    64.361151
7.765000         0.969019    64.603966
7.775000         0.911440    64.832942
7.785000         0.998607    65.084461
7.795000         0.956832    65.326079
7.805000         0.956133    65.568139
7.815000         0.910683    65.799284
7.825000         0.942223    66.039048
7.835000         1.018354    66.298846
7.845000         1.025772    66.561205
7.855000         1.010206    66.820243
7.865000         0.950438    67.064575
7.875000         0.968740    67.314247
7.885000         1.010330    67.575298
7.895000         0.966143    67.825567
7.905000         0.976210    68.079084
7.915000         1.030756    68.347444
7.925000         0.984541    68.604420
7.935000         1.020405    68.871429
7.945000         1.097697    69.159388
7.955000         1.016675    69.426763
7.965000         0.988613    69.687414
7.975000         1.056375    69.966629
7.985000         1.024907    70.238207
7.995000         1.019114    70.508927
8.005000         1.101084    70.802153
8.015000         0.971709    71.061573
8.025000         0.999574    71.329099
8.035000         1.025612    71.604277
8.045000         0.959992    71.862492
8.055000         0.988275    72.128974
8.065000         0.925095    72.379041
8.075000         0.962929    72.639980
8.085000         0.972600    72.904193
8.095000         0.961018    73.165906
8.105000         1.031882    73.447612
8.115000         1.093831    73.746968
8.125000         1.015521    74.025577
8.135000         1.070655    74.320036
8.145000         0.949136    74.581716
8.155000         1.013901    74.861939
8.165000         1.045840    75.151698
8.175000         1.066499    75.447906
8.185000         1.039869    75.737424
8.195000         1.082482    76.039544
8.205000         1.009848    76.322079
8.215000         0.983888    76.598023
8.225000         1.010607    76.882151
8.235000         1.033967    77.173554
8.245000         1.122805    77.490764
8.255000         1.039779    77.785230
8.265000         1.033215    78.078546
8.275000         0.976665    78.356480
8.285000         1.021426    78.647855
8.295000         1.024142    78.940710
8.305000         1.042630    79.239571
8.315000         0.983991    79.522304
8.325000         0.925182    79.788778
8.335000         0.981710    80.072214
8.345000         1.044746    80.374573
8.355000         0.974207    80.657194
8.365000         1.046392    80.961483
8.375000         0.993611    81.251115
8.385000         1.005434    81.544893
8.395000         0.957064    81.825206
8.405000         0.958527    82.106616
8.415000         1.001554    82.401359
8.425000         1.013537    82.700337
8.435000         1.047463    83.010056
8.445000         1.049613    83.321148
8.455000         1.026203    83.626023
8.465000         1.042560    83.936489
8.475000         1.088256    84.261330
8.485000         1.147970    84.604804
8.495000         1.090744    84.931926
8.505000         1.053795    85.248711
8.515000         1.027580    85.558342
8.525000         1.027302    85.868618
8.535000         1.066068    86.191357
8.545000         1.021093    86.501206
8.555000         1.015412    86.810052
8.565000         1.053042    87.131093
8.575000         0.979274    87.430342
8.585000         1.032861    87.746702
8.595000         0.997640    88.052987
8.605000         0.962517    88.349177
8.615000         1.037619    88.669220
8.625000         1.023602    88.985673
8.635000         1.033906    89.306054
8.645000         1.035542    89.627684
8.655000         1.007458    89.941317
8.665000         1.007479    90.255681
8.675000         1.120914    90.606248
8.685000         1.074198    90.942980
8.695000         1.012895    91.261227
8.705000         1.043553    91.589860
8.715000         1.063732    91.925619
8.725000         0.992997    92.239770
8.735000         1.030813    92.566633
8.745000         0.931597    92.862712
8.755000         0.957049    93.167576
8.765000         0.988177    93.483076
8.775000         1.041639    93.816404
8.785000         0.985054    94.132343
8.795000         0.969693    94.444064
8.805000         0.977503    94.759011
8.815000         0.964126    95.070353
8.825000         0.987327    95.389912
8.835000         1.081219    95.740653
8.845000         1.043714    96.079994
8.855000         0.976215    96.398108
8.865000         0.946506    96.707238
8.875000         1.016018    97.039820
8.885000         0.989901    97.364583
8.895000         0.960750    97.680492
8.905000         1.018702    98.016210
8.915000         1.047313    98.362133
8.925000         0.998361    98.692627
8.935000         0.980912    99.018073
8.945000         0.939203    99.330379
8.955000         1.025965    99.672299
8.965000         0.929712    99.982833
8.975000         1.014400   100.322410
8.985000         0.970173   100.647905
8.995000         1.014215   100.988935
9.005000         1.071234   101.349939
9.015000         1.013987   101.692410
9.025000         1.059467   102.051036
9.035000         1.068819   102.413630
9.045000         1.059444   102.773839
9.055000         0.993797   103.112476
9.065000         1.005138   103.455735
9.075000         0.970725   103.787973
9.085000         1.017026   104.136826
9.095000         1.015598   104.485956
9.105000         0.942229   104.810577
9.115000         0.952713   105.139531
9.125000         1.037505   105.498549
9.135000         1.058276   105.865557
9.145000         1.039800   106.226948
9.155000         0.913280   106.545061
9.165000         0.964794   106.881851
9.175000         1.031385   107.242673
9.185000         1.023846   107.601639
9.195000         1.028579   107.963050
9.205000         1.052559   108.333691
9.215000         0.940124   108.665460
9.225000         1.006023   109.021256
9.235000         0.999941   109.375668
9.245000         0.979840   109.723708
9.255000         0.958823   110.065020
9.265000         0.992129   110.418951
9.275000         0.967372   110.764796
9.285000         0.988540   111.118971
9.295000         0.946231   111.458718
9.305000         1.044017   111.834383
9.315000         1.027461   112.204885
9.325000         0.945990   112.546742
9.335000         0.935906   112.885681
9.345000         1.040258   113.263218
9.355000         0.949339   113.608496
9.365000         0.942321   113.951955
9.375000         0.972311   114.307101
9.385000         0.986500   114.668200
9.395000         1.021604   115.042945
9.405000         1.029485   115.421386
9.415000         0.994469   115.787732
9.425000         0.912510   116.124600
9.435000         0.944586   116.474051
9.445000         0.951432   116.826780
9.455000         0.965639   117.185535
9.465000         0.968315   117.546046
9.475000         1.003113   117.920302
9.485000         0.977110   118.285626
9.495000         0.938924   118.637413
9.505000         0.852027   118.957316
9.515000         0.940350   119.311124
9.525000         0.945849   119.667748
9.535000         0.989857   120.041751
9.545000         0.992915   120.417695
9.555000         0.954685   120.779923
9.565000         1.000102   121.160177
9.575000         1.002958   121.542315
9.585000         0.995934   121.922570
9.595000         1.015724   122.311191
9.605000         0.961752   122.679929
9.615000         1.018031   123.071057
9.625000         0.957018   123.439510
9.635000         0.928228   123.797621
9.645000         1.011471   124.188658
9.655000         0.957651   124.559657
9.665000         0.972837   124.937319
9.675000         0.983103   125.319757
9.685000         1.036900   125.723957
9.695000         0.970708   126.103136
9.705000         0.980897   126.487086
9.715000         0.932498   126.852844
9.725000         0.992238   127.242835
9.735000         1.060309   127.660439
9.745000         0.997290   128.054030
9.755000         0.932677   128.422877
9.765000         0.982692   128.812300
9.775000         1.015947   129.215727
9.785000         0.893665   129.571322
9.795000         1.016271   129.976531
9.805000         1.068702   130.403515
9.815000         1.020402   130.812034
9.825000         0.943201   131.190415
9.835000         0.983882   131.585920
9.845000         1.002895   131.989888
9.855000         0.984347   132.387191
9.865000         0.964630   132.777326
9.875000         1.004865   133.184558
9.885000         1.021169   133.599236
9.895000         1.027700   134.017411
9.905000         0.965927   134.411245
9.915000         0.960106   134.803496
9.925000         0.951844   135.193157
9.935000         0.971656   135.591731
9.945000         0.936742   135.976756
9.955000         0.924675   136.357587
9.965000         0.941005   136.745922
9.975000         0.993726   137.156837
9.985000         1.013499   137.576770
9.995000         0.975410   137.981730
