# r/Å                 g(r)         N(r)
0.005000         0.000000     0.000000
0.015000         0.000000     0.000000
0.025000         0.000000     0.000000
0.035000         0.000000     0.000000
0.045000         0.000000     0.000000
0.055000         0.000000     0.000000
0.065000         0.000000     0.000000
0.075000         0.000000     0.000000
0.085000         0.000000     0.000000
0.095000         0.000000     0.000000
0.105000         0.000000     0.000000
0.115000         0.000000     0.000000
0.125000         0.000000     0.000000
0.135000         0.000000     0.000000
0.145000         0.000000     0.000000
0.155000         0.000000     0.000000
0.165000         0.000000     0.000000
0.175000         0.000000     0.000000
0.185000         0.000000     0.000000
0.195000         0.000000     0.000000
0.205000         0.000000     0.000000
0.215000         0.000000     0.000000
0.225000         0.000000     0.000000
0.235000         0.000000     0.000000
0.245000         0.000000     0.000000
0.255000         0.000000     0.000000
0.265000         0.000000     0.000000
0.275000         0.000000     0.000000
0.285000         0.000000     0.000000
0.295000         0.000000     0.000000
0.305000         0.000000     0.000000
0.315000         0.000000     0.000000
0.325000         0.000000     0.000000
0.335000         0.000000     0.000000
0.345000         0.000000     0.000000
0.355000         0.000000     0.000000
0.365000         0.000000     0.000000
0.375000         0.000000     0.000000
0.385000         0.000000     0.000000
0.395000         0.000000     0.000000
0.405000         0.000000     0.000000
0.415000         0.000000     0.000000
0.425000         0.000000     0.000000
0.435000         0.000000     0.000000
0.445000         0.000000     0.000000
0.455000         0.000000     0.000000
0.465000         0.000000     0.000000
0.475000         0.000000     0.000000
0.485000         0.000000     0.000000
0.495000         0.000000     0.000000
0.505000         0.000000     0.000000
0.515000         0.000000     0.000000
0.525000         0.000000     0.000000
0.535000         0.000000     0.000000
0.545000         0.000000     0.000000
0.555000         0.000000     0.000000
0.565000         0.000000     0.000000
0.575000         0.000000     0.000000
0.585000         0.000000     0.000000
0.595000         0.000000     0.000000
0.605000         0.000000     0.000000
0.615000         0.000000     0.000000
0.625000         0.000000     0.000000
0.635000         0.000000     0.000000
0.645000         0.000000     0.000000
0.655000         0.000000     0.000000
0.665000         0.000000     0.000000
0.675000         0.000000     0.000000
0.685000         0.000000     0.000000
0.695000         0.000000     0.000000
0.705000         0.000000     0.000000
0.715000         0.000000     0.000000
0.725000         0.000000     0.000000
0.735000         0.000000     0.000000
0.745000         0.000000     0.000000
0.755000         0.000000     0.000000
0.765000         0.000000     0.000000
0.775000         0.000000     0.000000
0.785000         0.000000     0.000000
0.795000         0.000000     0.000000
0.805000         0.000000     0.000000
0.815000         0.000000     0.000000
0.825000         0.000000     0.000000
0.835000         0.000000     0.000000
0.845000         0.000000     0.000000
0.855000         0.000000     0.000000
0.865000         0.000000     0.000000
0.875000         0.000000     0.000000
0.885000         0.002963     0.000019
0.895000         0.027613     0.000204
0.905000         0.063185     0.000637
0.915000         0.266726     0.002504
0.925000         1.036193     0.009917
0.935000         2.683744     0.029533
0.945000         6.017440     0.074461
0.955000        11.325408     0.160820
0.965000        18.021650     0.301133
0.975000        24.787626     0.498144
0.985000        29.769609     0.739630
0.995000        31.677100     1.001833
1.005000        29.684106     1.252503
1.015000        25.370349     1.471030
1.025000        20.219706     1.648641
1.035000        14.353455     1.777194
1.045000         9.504704     1.863974
1.055000         5.980530     1.919627
1.065000         3.730364     1.955002
1.075000         2.218730     1.976439
1.085000         1.204211     1.988291
1.095000         0.558228     1.993887
1.105000         0.304744     1.996999
1.115000         0.141441     1.998469
1.125000         0.064646     1.999153
1.135000         0.032572     1.999504
1.145000         0.023462     1.999761
1.155000         0.011241     1.999886
1.165000         0.003197     1.999922
1.175000         0.001228     1.999937
1.185000         0.002741     1.999969
1.195000         0.002506     1.999999
1.205000         0.000108     2.000000
1.215000         0.000000     2.000000
1.225000         0.000000     2.000000
1.235000         0.000000     2.000000
1.245000         0.000000     2.000000
1.255000         0.000000     2.000000
1.265000         0.000000     2.000000
1.275000         0.000000     2.000000
1.285000         0.000000     2.000000
1.295000         0.000000     2.000000
1.305000         0.000000     2.000000
1.315000         0.000000     2.000000
1.325000         0.000000     2.000000
1.335000         0.000000     2.000000
1.345000         0.000000     2.000000
1.355000         0.000000     2.000000
1.365000         0.000000     2.000000
1.375000         0.001155     2.000018
1.385000         0.004213     2.000086
1.395000         0.006384     2.000190
1.405000         0.006793     2.000302
1.415000         0.010488     2.000477
1.425000         0.013937     2.000714
1.435000         0.019293     2.001046
1.445000         0.024132     2.001467
1.455000         0.032337     2.002040
1.465000         0.042878     2.002809
1.475000         0.056211     2.003832
1.485000         0.084742     2.005394
1.495000         0.093355     2.007139
1.505000         0.111752     2.009255
1.515000         0.134462     2.011835
1.525000         0.165573     2.015054
1.535000         0.217621     2.019342
1.545000         0.236303     2.024058
1.555000         0.289900     2.029918
1.565000         0.359964     2.037289
1.575000         0.411374     2.045821
1.585000         0.481419     2.055933
1.595000         0.542767     2.067478
1.605000         0.608382     2.080581
1.615000         0.692399     2.095679
1.625000         0.782839     2.112963
1.635000         0.870051     2.132408
1.645000         0.977075     2.154514
1.655000         1.010578     2.177657
1.665000         1.095749     2.203054
1.675000         1.181637     2.230771
1.685000         1.254705     2.260556
1.695000         1.346036     2.292888
1.705000         1.381188     2.326458
1.715000         1.422047     2.361427
1.725000         1.528342     2.399450
1.735000         1.566956     2.438886
1.745000         1.540834     2.478114
1.755000         1.510527     2.517012
1.765000         1.572264     2.557962
1.775000         1.618653     2.600600
1.785000         1.622722     2.643828
1.795000         1.598523     2.686890
1.805000         1.550497     2.729124
1.815000         1.527176     2.771186
1.825000         1.496996     2.812872
1.835000         1.459196     2.853952
1.845000         1.408956     2.894051
1.855000         1.376999     2.933666
1.865000         1.401242     2.974415
1.875000         1.339191     3.013778
1.885000         1.290157     3.052106
1.895000         1.220976     3.088764
1.905000         1.136218     3.123238
1.915000         1.142611     3.158271
1.925000         1.106697     3.192559
1.935000         1.064405     3.225879
1.945000         1.031393     3.258501
1.955000         0.990430     3.290150
1.965000         0.940630     3.320516
1.975000         0.889700     3.349531
1.985000         0.844225     3.377342
1.995000         0.790161     3.403636
2.005000         0.752038     3.428912
2.015000         0.729168     3.453665
2.025000         0.657277     3.476199
2.035000         0.614070     3.497460
2.045000         0.564279     3.517190
2.055000         0.537407     3.536164
2.065000         0.505306     3.554180
2.075000         0.492864     3.571922
2.085000         0.465076     3.588825
2.095000         0.427100     3.604498
2.105000         0.389677     3.618934
2.115000         0.359222     3.632369
2.125000         0.353766     3.645725
2.135000         0.336089     3.658533
2.145000         0.337227     3.671506
2.155000         0.312950     3.683657
2.165000         0.280372     3.694644
2.175000         0.277347     3.705614
2.185000         0.254060     3.715755
2.195000         0.253963     3.725985
2.205000         0.243336     3.735876
2.215000         0.231847     3.745387
2.225000         0.220355     3.754507
2.235000         0.228745     3.764061
2.245000         0.223469     3.773477
2.255000         0.209861     3.782399
2.265000         0.207781     3.791311
2.275000         0.211073     3.800445
2.285000         0.207078     3.809485
2.295000         0.213271     3.818876
2.305000         0.203370     3.827910
2.315000         0.192507     3.836536
2.325000         0.181347     3.844732
2.335000         0.184214     3.853129
2.345000         0.192118     3.861962
2.355000         0.179545     3.870287
2.365000         0.171285     3.878297
2.375000         0.167471     3.886195
2.385000         0.166944     3.894134
2.395000         0.150865     3.901369
2.405000         0.156521     3.908938
2.415000         0.164062     3.916938
2.425000         0.153715     3.924496
2.435000         0.153726     3.932117
2.445000         0.165103     3.940369
2.455000         0.166095     3.948738
2.465000         0.154166     3.956570
2.475000         0.147404     3.964119
2.485000         0.150027     3.971865
2.495000         0.153166     3.979837
2.505000         0.152615     3.987843
2.515000         0.150756     3.995816
2.525000         0.156375     4.004151
2.535000         0.170113     4.013291
2.545000         0.184211     4.023267
2.555000         0.179061     4.033040
2.565000         0.189196     4.043447
2.575000         0.196426     4.054336
2.585000         0.187451     4.064809
2.595000         0.189383     4.075471
2.605000         0.193247     4.086435
2.615000         0.200672     4.097908
2.625000         0.206717     4.109817
2.635000         0.220123     4.122595
2.645000         0.240925     4.136687
2.655000         0.247628     4.151281
2.665000         0.265266     4.167033
2.675000         0.280723     4.183827
2.685000         0.289049     4.201250
2.695000         0.301105     4.219534
2.705000         0.303055     4.238073
2.715000         0.311566     4.257275
2.725000         0.336256     4.278151
2.735000         0.371779     4.301402
2.745000         0.386768     4.325767
2.755000         0.385692     4.350243
2.765000         0.399702     4.375792
2.775000         0.422244     4.402977
2.785000         0.463902     4.433060
2.795000         0.480804     4.464463
2.805000         0.513526     4.498244
2.815000         0.542108     4.534160
2.825000         0.556721     4.571306
2.835000         0.584632     4.610592
2.845000         0.602380     4.651356
2.855000         0.641121     4.695047
2.865000         0.684191     4.742001
2.875000         0.732499     4.792621
2.885000         0.743345     4.844349
2.895000         0.767207     4.898109
2.905000         0.821723     4.956086
2.915000         0.842513     5.015941
2.925000         0.864667     5.077791
2.935000         0.910114     5.143339
2.945000         0.952269     5.212390
2.955000         0.984408     5.284258
2.965000         1.022908     5.359443
2.975000         1.051134     5.437224
2.985000         1.075913     5.517375
2.995000         1.113755     5.600902
3.005000         1.173756     5.689518
3.015000         1.223272     5.782487
3.025000         1.262038     5.879040
3.035000         1.299343     5.979106
3.045000         1.332130     6.082373
3.055000         1.354406     6.188059
3.065000         1.372872     6.295887
3.075000         1.422740     6.408363
3.085000         1.471154     6.525424
3.095000         1.475472     6.643591
3.105000         1.488484     6.763571
3.115000         1.529798     6.887677
3.125000         1.528887     7.012507
3.135000         1.531718     7.138370
3.145000         1.568824     7.268106
3.155000         1.590307     7.400455
3.165000         1.602885     7.534699
3.175000         1.596513     7.669255
3.185000         1.623447     7.806944
3.195000         1.637395     7.946690
3.205000         1.676937     8.090707
3.215000         1.702413     8.237827
3.225000         1.687844     8.384596
3.235000         1.653190     8.529245
3.245000         1.651195     8.674614
3.255000         1.642086     8.820073
3.265000         1.647835     8.966939
3.275000         1.612207     9.111512
3.285000         1.600331     9.255898
3.295000         1.590746     9.400294
3.305000         1.566131     9.543319
3.315000         1.563463     9.686967
3.325000         1.568907     9.831985
3.335000         1.536385     9.974853
3.345000         1.537602    10.118693
3.355000         1.544350    10.264030
3.365000         1.516449    10.407592
3.375000         1.503549    10.550781
3.385000         1.500360    10.694513
3.395000         1.489888    10.838088
3.405000         1.455655    10.979190
3.415000         1.443153    11.119904
3.425000         1.426235    11.259784
3.435000         1.401415    11.398034
3.445000         1.384015    11.535363
3.455000         1.358186    11.670912
3.465000         1.340290    11.805451
3.475000         1.329412    11.939670
3.485000         1.322560    12.073966
3.495000         1.302367    12.206972
3.505000         1.296610    12.340149
3.515000         1.277129    12.472074
3.525000         1.255440    12.602498
3.535000         1.244095    12.732478
3.545000         1.227031    12.861401
3.555000         1.211749    12.989438
3.565000         1.206541    13.117643
3.575000         1.169658    13.242627
3.585000         1.154725    13.366706
3.595000         1.166083    13.492706
3.605000         1.173348    13.620197
3.615000         1.140703    13.744830
3.625000         1.105674    13.866305
3.635000         1.089448    13.986658
3.645000         1.090511    14.107793
3.655000         1.075512    14.227918
3.665000         1.081186    14.349338
3.675000         1.060695    14.469108
3.685000         1.055897    14.588987
3.695000         1.044850    14.708255
3.705000         1.048722    14.828614
3.715000         1.044939    14.949188
3.725000         1.030092    15.068689
3.735000         1.035035    15.189409
3.745000         1.036346    15.310930
3.755000         1.019360    15.431098
3.765000         1.010180    15.550820
3.775000         1.012437    15.671447
3.785000         1.011368    15.792586
3.795000         1.003148    15.913376
3.805000         0.989515    16.033154
3.815000         0.983946    16.152884
3.825000         0.960224    16.270341
3.835000         0.961076    16.388517
3.845000         0.974812    16.509009
3.855000         0.970729    16.629621
3.865000         0.964977    16.750141
3.875000         0.956537    16.870225
3.885000         0.967821    16.992355
3.895000         0.967323    17.115051
3.905000         0.957819    17.237165
3.915000         0.956880    17.359786
3.925000         0.955828    17.482899
3.935000         0.970820    17.608580
3.945000         0.982866    17.736469
3.955000         0.964934    17.862661
3.965000         0.952688    17.987883
3.975000         0.943532    18.112528
3.985000         0.972446    18.241639
3.995000         0.959111    18.369620
4.005000         0.954387    18.497609
4.015000         0.949830    18.625624
4.025000         0.952172    18.754595
4.035000         0.959657    18.885226
4.045000         0.953242    19.015627
4.055000         0.948160    19.145976
4.065000         0.953360    19.277687
4.075000         0.948986    19.409439
4.085000         0.955811    19.542791
4.095000         0.957471    19.677029
4.105000         0.952111    19.811169
4.115000         0.954517    19.946303
4.125000         0.961415    20.083077
4.135000         0.959322    20.220215
4.145000         0.967893    20.359248
4.155000         0.971642    20.499495
4.165000         0.981103    20.641789
4.175000         0.971235    20.783329
4.185000         0.957923    20.923599
4.195000         0.958515    21.064627
4.205000         0.961483    21.206768
4.215000         0.964655    21.350056
4.225000         0.956003    21.492733
4.235000         0.973884    21.638768
4.245000         0.970243    21.784945
4.255000         0.969980    21.931772
4.265000         0.958855    22.077598
4.275000         0.953020    22.223217
4.285000         0.968590    22.371907
4.295000         0.945678    22.517760
4.305000         0.942591    22.663813
4.315000         0.955689    22.812585
4.325000         0.967065    22.963827
4.335000         0.977812    23.117457
4.345000         0.959871    23.268965
4.355000         0.956823    23.420688
4.365000         0.960617    23.573713
4.375000         0.955272    23.726584
4.385000         0.959052    23.880763
4.395000         0.959125    24.035657
4.405000         0.974091    24.193685
4.415000         0.961630    24.350401
4.425000         0.961575    24.507818
4.435000         0.950713    24.664162
4.445000         0.942252    24.819814
4.455000         0.951913    24.977769
4.465000         0.967619    25.139053
4.475000         0.963895    25.300436
4.485000         0.960183    25.461918
4.495000         0.983632    25.628081
4.505000         0.990085    25.796079
4.515000         0.987291    25.964348
4.525000         0.981526    26.132376
4.535000         0.969571    26.299092
4.545000         0.959039    26.464725
4.555000         0.950502    26.629607
4.565000         0.962367    26.797281
4.575000         0.964991    26.966150
4.585000         0.967221    27.136149
4.595000         0.963461    27.306227
4.605000         0.978511    27.479714
4.615000         0.976172    27.653540
4.625000         0.980160    27.828832
4.635000         0.995722    28.007679
4.645000         0.990167    28.186296
4.655000         0.988957    28.365463
4.665000         0.995144    28.546527
4.675000         0.990936    28.727600
4.685000         0.994182    28.910043
4.695000         0.990431    29.092575
4.705000         0.990125    29.275828
4.715000         0.985666    29.459033
4.725000         1.001921    29.646050
4.735000         0.999641    29.833431
4.745000         1.004907    30.022596
4.755000         1.005777    30.212724
4.765000         0.990440    30.400741
4.775000         0.998248    30.591037
4.785000         1.005596    30.783536
4.795000         1.014679    30.978588
4.805000         1.020115    31.175503
4.815000         1.020809    31.373373
4.825000         1.020677    31.572040
4.835000         1.024540    31.772287
4.845000         1.025612    31.973573
4.855000         1.020220    32.174628
4.865000         1.038074    32.380045
4.875000         1.029507    32.584605
4.885000         1.016062    32.787323
4.895000         1.029253    32.993515
4.905000         1.035902    33.201887
4.915000         1.034764    33.410880
4.925000         1.026277    33.619003
4.935000         1.042104    33.831194
4.945000         1.051334    34.046134
4.955000         1.024355    34.256405
4.965000         1.021714    34.466982
4.975000         1.021823    34.678431
4.985000         1.006428    34.887532
4.995000         1.013475    35.098942
5.005000         1.038503    35.316442
5.015000         1.031874    35.533418
5.025000         1.029461    35.750751
5.035000         1.026351    35.968290
5.045000         1.026941    36.186820
5.055000         1.040662    36.409149
5.065000         1.020279    36.627986
5.075000         1.021710    36.847996
5.085000         1.023206    37.069197
5.095000         1.028640    37.292449
5.105000         1.027036    37.516229
5.115000         1.024543    37.740340
5.125000         1.019284    37.964174
5.135000         1.023160    38.189737
5.145000         1.025423    38.416680
5.155000         1.032207    38.646013
5.165000         1.021623    38.873876
5.175000         1.023385    39.103017
5.185000         1.025867    39.333603
5.195000         1.017367    39.563160
5.205000         1.013152    39.792648
5.215000         1.009979    40.022296
5.225000         1.014466    40.253851
5.235000         1.010357    40.485351
5.245000         1.019061    40.719738
5.255000         1.026319    40.956696
5.265000         1.018502    41.192745
5.275000         1.025683    41.431362
5.285000         1.029383    41.671748
5.295000         1.034675    41.914285
5.305000         1.029172    42.156445
5.315000         1.038181    42.401646
5.325000         1.042348    42.648759
5.335000         1.034160    42.894852
5.345000         1.023332    43.139282
5.355000         1.013185    43.382195
5.365000         1.018345    43.627258
5.375000         1.023789    43.874550
5.385000         1.012387    44.119999
5.395000         1.009680    44.365702
5.405000         1.013232    44.613183
5.415000         1.012644    44.861438
5.425000         1.024903    45.113626
5.435000         1.014757    45.364240
5.445000         1.017460    45.616446
5.455000         1.031141    45.872983
5.465000         1.047176    46.134466
5.475000         1.039283    46.394928
5.485000         1.030156    46.654047
5.495000         1.019026    46.911302
5.505000         1.023764    47.170695
5.515000         1.019288    47.429892
5.525000         1.023981    47.691228
5.535000         1.013453    47.950814
5.545000         1.018923    48.212746
5.555000         1.018150    48.475423
5.565000         1.006428    48.736012
5.575000         1.002497    48.996517
5.585000         0.995751    49.256198
5.595000         1.011078    49.520821
5.605000         1.023704    49.789707
5.615000         1.019350    50.058406
5.625000         1.025156    50.329599
5.635000         1.018133    50.599892
5.645000         1.018469    50.871235
5.655000         1.014969    51.142604
5.665000         1.008181    51.413113
5.675000         1.006908    51.684235
5.685000         1.008756    51.956812
5.695000         0.993518    52.226218
5.705000         0.997625    52.497688
5.715000         1.005264    52.772196
5.725000         1.011601    53.049402
5.735000         1.011798    53.327632
5.745000         1.022082    53.609671
5.755000         1.009861    53.889308
5.765000         1.009871    54.169921
5.775000         1.010650    54.451725
5.785000         0.990236    54.728795
5.795000         0.987527    55.006062
5.805000         0.995656    55.286578
5.815000         0.999292    55.569088
5.825000         1.004152    55.853950
5.835000         0.997886    56.138007
5.845000         0.993991    56.421926
5.855000         0.989372    56.705494
5.865000         0.993705    56.991277
5.875000         0.989945    57.276950
5.885000         0.991131    57.563940
5.895000         0.991490    57.852011
5.905000         0.990103    58.140655
5.915000         0.993280    58.431207
5.925000         0.991702    58.722280
5.935000         0.992915    59.014692
5.945000         0.985490    59.305897
5.955000         0.983231    59.597413
5.965000         0.968184    59.885433
5.975000         0.962445    60.172706
5.985000         0.961735    60.460728
5.995000         0.967675    60.751499
6.005000         0.971127    61.044282
6.015000         0.962610    61.335464
6.025000         0.957395    61.626032
6.035000         0.957517    61.917603
6.045000         0.965178    62.212481
6.055000         0.958136    62.506178
6.065000         0.955161    62.799930
6.075000         0.952985    63.093980
6.085000         0.953685    63.389216
6.095000         0.949375    63.684084
6.105000         0.956878    63.982259
6.115000         0.951129    64.279614
6.125000         0.950289    64.577679
6.135000         0.959125    64.879498
6.145000         0.954573    65.180865
6.155000         0.955470    65.483498
6.165000         0.950987    65.785691
6.175000         0.955958    66.090449
6.185000         0.964708    66.398994
6.195000         0.956587    66.705931
6.205000         0.949771    67.011667
6.215000         0.946858    67.317447
6.225000         0.954161    67.626579
6.235000         0.958796    67.938211
6.245000         0.958549    68.250763
6.255000         0.958014    68.564141
6.265000         0.956982    68.878184
6.275000         0.957746    69.193482
6.285000         0.958251    69.509952
6.295000         0.949909    69.824666
6.305000         0.940802    70.137354
6.315000         0.933301    70.448534
6.325000         0.923668    70.757479
6.335000         0.923369    71.067300
6.345000         0.941874    71.384329
6.355000         0.948664    71.704651
6.365000         0.955840    72.028412
6.375000         0.955257    72.352993
6.385000         0.962425    72.681037
6.395000         0.959267    73.009029
6.405000         0.962279    73.339081
6.415000         0.954836    73.667604
6.425000         0.953105    73.996554
6.435000         0.953608    74.326703
6.445000         0.949585    74.656481
6.455000         0.958623    74.990433
6.465000         0.958137    75.325250
6.475000         0.962915    75.662778
6.485000         0.961503    76.000854
6.495000         0.964000    76.340853
6.505000         0.968165    76.683374
6.515000         0.967955    77.026874
6.525000         0.968250    77.371535
6.535000         0.959188    77.714017
6.545000         0.951541    78.054809
6.555000         0.945083    78.394323
6.565000         0.955394    78.738590
6.575000         0.965438    79.087537
6.585000         0.957871    79.434802
6.595000         0.952968    79.781340
6.605000         0.957989    80.130761
6.615000         0.957829    80.481182
6.625000         0.946539    80.828521
6.635000         0.957430    81.180918
6.645000         0.962803    81.536361
6.655000         0.959627    81.891699
6.665000         0.959636    82.248109
6.675000         0.965376    82.607727
6.685000         0.962404    82.967313
6.695000         0.967043    83.329715
6.705000         0.973172    83.695503
6.715000         0.969447    84.060979
6.725000         0.971351    84.428265
6.735000         0.976951    84.798767
6.745000         0.971987    85.168482
6.755000         0.974108    85.540104
6.765000         0.980299    85.915195
6.775000         0.982615    86.292285
6.785000         0.971488    86.666207
6.795000         0.980266    87.044619
6.805000         0.979584    87.423883
6.815000         0.989611    87.808155
6.825000         0.983277    88.191090
6.835000         0.989611    88.577621
6.845000         0.989591    88.965276
6.855000         0.995689    89.356460
6.865000         1.008258    89.753739
6.875000         1.005849    90.151225
6.885000         1.005995    90.549925
6.895000         1.010187    90.951451
6.905000         1.002838    91.351212
6.915000         1.012166    91.755862
6.925000         1.014844    92.162757
6.935000         1.007570    92.567902
6.945000         1.009453    92.974976
6.955000         1.015713    93.385755
6.965000         1.025637    93.801741
6.975000         1.017728    94.215706
6.985000         1.011479    94.628309
6.995000         1.013954    95.043107
7.005000         1.013325    95.458834
7.015000         1.017797    95.877588
7.025000         1.028691    96.302032
7.035000         1.034390    96.730044
7.045000         1.020672    97.153581
7.055000         1.022314    97.579004
7.065000         1.016996    98.003415
7.075000         1.009295    98.425805
7.085000         1.002625    98.846591
7.095000         1.005531    99.269788
7.105000         1.011326    99.696626
7.115000         1.010088   100.124141
7.125000         1.017094   100.555833
7.135000         1.024875   100.992049
7.145000         1.021570   101.428079
7.155000         1.022231   101.865612
7.165000         1.028665   102.307131
7.175000         1.017250   102.744970
7.185000         1.018197   103.184438
7.195000         1.020486   103.626122
7.205000         1.017956   104.067937
7.215000         1.020003   104.511869
7.225000         1.017671   104.956015
7.235000         1.017304   105.401231
7.245000         1.018427   105.848172
7.255000         1.023314   106.298497
7.265000         1.036104   106.755709
7.275000         1.028800   107.210948
7.285000         1.021845   107.664354
7.295000         1.027639   108.121583
7.305000         1.032675   108.582314
7.315000         1.035336   109.045497
7.325000         1.025993   109.505756
7.335000         1.033302   109.970561
7.345000         1.039675   110.439508
7.355000         1.037483   110.908742
7.365000         1.033801   111.377583
7.375000         1.029214   111.845612
7.385000         1.026804   112.313812
7.395000         1.023299   112.781678
7.405000         1.022498   113.250443
7.415000         1.022274   113.720372
7.425000         1.033538   114.196762
7.435000         1.035334   114.675265
7.445000         1.036253   115.155483
7.455000         1.027964   115.633140
7.465000         1.028440   116.112301
7.475000         1.027103   116.592122
7.485000         1.025913   117.072670
7.495000         1.020325   117.551879
7.505000         1.023998   118.034097
7.515000         1.019670   118.515557
7.525000         1.014399   118.995805
7.535000         1.008796   119.474669
7.545000         1.007107   119.954002
7.555000         1.011216   120.436567
7.565000         1.014650   120.922053
7.575000         1.005882   121.404618
7.585000         0.992912   121.882218
7.595000         0.998360   122.363706
7.605000         0.992983   122.843863
7.615000         0.991903   123.324760
7.625000         0.991419   123.806686
7.635000         0.981760   124.285169
7.645000         0.985132   124.766553
7.655000         0.985618   125.249436
7.665000         0.995927   125.738646
7.675000         0.991245   126.226827
7.685000         0.989265   126.715303
7.695000         0.996497   127.208631
7.705000         1.006043   127.707981
7.715000         1.014750   128.212960
7.725000         1.016075   128.719911
7.735000         1.018181   129.229228
7.745000         1.012207   129.736867
7.755000         1.006189   130.242792
7.765000         1.003276   130.748554
7.775000         1.001250   131.254596
7.785000         1.007002   131.764854
7.795000         1.009704   132.277797
7.805000         1.003974   132.789139
7.815000         1.005031   133.302332
7.825000         1.004855   133.816748
7.835000         1.000501   134.330246
7.845000         1.001390   134.845512
7.855000         0.992435   135.357474
7.865000         0.987384   135.868127
7.875000         0.984346   136.378505
7.885000         0.979579   136.887702
7.895000         0.985026   137.401030
7.905000         0.978847   137.912431
7.915000         0.984862   138.428277
7.925000         0.984675   138.945329
7.935000         0.978288   139.460325
7.945000         0.977738   139.976329
7.955000         0.970042   140.489561
7.965000         0.960529   140.999038
7.975000         0.957258   141.508056
7.985000         0.946575   142.012656
7.995000         0.941414   142.515764
8.005000         0.933038   143.015642
8.015000         0.937590   143.519216
8.025000         0.935699   144.023029
8.035000         0.928858   144.524405
8.045000         0.920765   145.022651
8.055000         0.912437   145.517619
8.065000         0.908250   146.011540
8.075000         0.905738   146.505316
8.085000         0.894456   146.994151
8.095000         0.891654   147.482660
8.105000         0.898726   147.976261
8.115000         0.893626   148.468274
8.125000         0.882679   148.955457
8.135000         0.877853   149.441170
8.145000         0.869937   149.923687
8.155000         0.880821   150.413442
8.165000         0.874995   150.901151
8.175000         0.868576   151.386469
8.185000         0.867882   151.872586
8.195000         0.862775   152.357025
8.205000         0.850691   152.835844
8.215000         0.851973   153.316555
8.225000         0.852081   153.798497
8.235000         0.842546   154.276207
8.245000         0.838098   154.752549
8.255000         0.835180   155.228385
8.265000         0.831665   155.703367
8.275000         0.829711   156.178380
8.285000         0.827976   156.653547
8.295000         0.833114   157.132816
8.305000         0.829158   157.610961
8.315000         0.821493   158.085827
8.325000         0.815992   158.558649
8.335000         0.809349   159.028748
8.345000         0.801465   159.495386
8.355000         0.799659   159.962090
8.365000         0.800416   160.430353
8.375000         0.797749   160.898173
8.385000         0.794175   161.365010
8.395000         0.790896   161.831029
8.405000         0.798427   162.302608
8.415000         0.786966   162.768523
8.425000         0.786523   163.235284
8.435000         0.782370   163.700683
8.445000         0.775391   164.163025
8.455000         0.765941   164.620813
8.465000         0.757679   165.074737
8.475000         0.753258   165.527078
8.485000         0.749174   165.978029
8.495000         0.748764   166.429796
8.505000         0.750119   166.883447
8.515000         0.746072   167.335712
8.525000         0.746263   167.789156
8.535000         0.746463   168.243786
8.545000         0.744070   168.698021
8.555000         0.740368   169.151055
8.565000         0.736856   169.602994
8.575000         0.731337   170.052597
8.585000         0.725011   170.499351
8.595000         0.731263   170.951007
8.605000         0.732000   171.404171
8.615000         0.723806   171.853305
8.625000         0.721624   172.302124
8.635000         0.720377   172.751208
8.645000         0.716240   173.198748
8.655000         0.719982   173.649667
8.665000         0.713837   174.097771
8.675000         0.711484   174.545430
8.685000         0.708007   174.991929
8.695000         0.708653   175.439864
8.705000         0.708859   175.888961
8.715000         0.703146   176.335463
8.725000         0.701917   176.782208
8.735000         0.699170   177.228225
8.745000         0.701770   177.676926
8.755000         0.697728   178.124063
8.765000         0.691371   178.568140
8.775000         0.687907   179.011000
8.785000         0.687256   179.454451
8.795000         0.683697   179.896610
8.805000         0.683480   180.339634
8.815000         0.673336   180.777075
8.825000         0.664426   181.209707
8.835000         0.664984   181.643685
8.845000         0.657178   182.073539
8.855000         0.656064   182.503636
8.865000         0.656734   182.935145
8.875000         0.654498   183.366156
8.885000         0.652404   183.796756
8.895000         0.651137   184.227489
8.905000         0.650023   184.658451
8.915000         0.649772   185.090215
8.925000         0.641856   185.517676
8.935000         0.636105   185.942258
8.945000         0.629178   186.363156
8.955000         0.623637   186.781281
8.965000         0.623626   187.200332
8.975000         0.621776   187.619074
8.985000         0.613626   188.033247
8.995000         0.614018   188.448609
9.005000         0.603710   188.857906
9.015000         0.597266   189.263734
9.025000         0.595574   189.669311
9.035000         0.593741   190.074536
9.045000         0.589733   190.477917
9.055000         0.585982   190.879619
9.065000         0.582387   191.279739
9.075000         0.578135   191.677814
9.085000         0.580882   192.078663
9.095000         0.579756   192.479616
9.105000         0.576258   192.879027
9.115000         0.577435   193.280133
9.125000         0.572237   193.678501
9.135000         0.570009   194.076188
9.145000         0.567351   194.472888
9.155000         0.567241   194.870379
9.165000         0.567196   195.268708
9.175000         0.566631   195.667508
9.185000         0.558562   196.061486
9.195000         0.555374   196.454070
9.205000         0.559588   196.850493
9.215000         0.554892   197.244443
9.225000         0.550320   197.635997
9.235000         0.546127   198.025410
9.245000         0.543828   198.414023
9.255000         0.539967   198.800713
9.265000         0.532546   199.182913
9.275000         0.531302   199.565045
9.285000         0.534119   199.950031
9.295000         0.530914   200.333531
9.305000         0.526896   200.714949
9.315000         0.520712   201.092700
9.325000         0.522072   201.472252
9.335000         0.519612   201.850826
9.345000         0.520541   202.230890
9.355000         0.519357   202.610901
9.365000         0.514757   202.988352
9.375000         0.508532   203.362036
9.385000         0.504205   203.733331
9.395000         0.502221   204.103953
9.405000         0.501712   204.474988
9.415000         0.497366   204.843592
9.425000         0.495987   205.211954
9.435000         0.493432   205.579198
9.445000         0.488071   205.943221
9.455000         0.486468   206.306818
9.465000         0.485539   206.670489
9.475000         0.485747   207.035085
9.485000         0.477743   207.394430
9.495000         0.474754   207.752281
9.505000         0.472150   208.108919
9.515000         0.465331   208.461145
9.525000         0.465029   208.813884
9.535000         0.465563   209.167770
9.545000         0.465977   209.522713
9.555000         0.462902   209.876053
9.565000         0.458563   210.226815
9.575000         0.459022   210.578662
9.585000         0.456808   210.929544
9.595000         0.451352   211.276959
9.605000         0.450376   211.624345
9.615000         0.445349   211.968570
9.625000         0.444572   212.312908
9.635000         0.437382   212.652383
9.645000         0.436456   212.991842
9.655000         0.435308   213.331111
9.665000         0.430192   213.667088
9.675000         0.428746   214.002628
9.685000         0.428412   214.338601
9.695000         0.425368   214.672876
9.705000         0.426676   215.008870
9.715000         0.427728   215.346387
9.725000         0.424725   215.682225
9.735000         0.415700   216.011603
9.745000         0.406943   216.334706
9.755000         0.408419   216.659646
9.765000         0.405220   216.982702
9.775000         0.404446   217.305802
9.785000         0.395596   217.622479
9.795000         0.389641   217.935027
9.805000         0.388854   218.247581
9.815000         0.390345   218.561973
9.825000         0.393465   218.879525
9.835000         0.392964   219.197318
9.845000         0.389616   219.513044
9.855000         0.387786   219.827926
9.865000         0.385182   220.141330
9.875000         0.383374   220.453894
9.885000         0.382367   220.766270
9.895000         0.377860   221.075588
9.905000         0.375509   221.383603
9.915000         0.371317   221.688796
9.925000         0.365629   221.989919
9.935000         0.361874   222.288551
9.945000         0.359465   222.585792
9.955000         0.361419   222.885250
9.965000         0.360932   223.184906
9.975000         0.359701   223.484139
9.985000         0.356338   223.781170
9.995000         0.351377   224.074652
